-1.7320508075688772
1.
-1.7320508075688772
0.057499999999999996
-1.7320508075688772
0.057499999999999996
-0.8660254037844387
0.05749999999999994
-0.8660254037844387
0.05749999999999994
-0.8660254037844387
-0.05750000000000016
-0.8660254037844387
-0.05750000000000016
-1.7320508075688772
-0.05750000000000011
-1.7320508075688772
-0.05750000000000011
-1.7320508075688772
-1.
-1.7320508075688772
-1.
-0.8162289430668332
-1.52875
-0.8162289430668332
-1.52875
0.
-2.
0.
-2.
0.8162289430668334
-1.5287499999999998
0.8162289430668334
-1.5287499999999998
0.38321624117461406
-0.7787499999999998
0.38321624117461406
-0.7787499999999998
0.48280916260982454
-0.72125
0.48280916260982454
-0.72125
0.9158218645020438
-1.4712499999999997
0.9158218645020438
-1.4712499999999997
1.7320508075688772
-1.
1.7320508075688772
-1.
1.7320508075688772
0.05750000000000011
1.7320508075688772
0.05750000000000011
1.7320508075688772
1.
1.7320508075688772
1.
0.915821864502044
1.47125
0.915821864502044
1.47125
0.48280916260982465
0.72125
0.48280916260982465
0.72125
0.38321624117461417
0.77875
0.38321624117461417
0.77875
0.8162289430668332
1.52875
0.8162289430668332
1.52875
0.
2.
0.
2.
-0.9158218645020438
1.4712499999999997
-0.9158218645020438
1.4712499999999997
-1.7320508075688772
1.
1.7320508075688772
5.
0.915821864502044
4.5287500000000005
0.915821864502044
4.5287500000000005
1.3488345663942631
3.77875
1.3488345663942631
3.77875
1.2492416449590524
3.72125
1.2492416449590524
3.72125
0.8162289430668332
4.4712499999999995
0.8162289430668332
4.4712499999999995
0.
4.
0.
4.
0.
2.9425
0.
2.9425
0.
2.
0.
2.
0.8162289430668334
1.5287500000000003
0.8162289430668334
1.5287500000000003
1.2492416449590527
2.27875
1.2492416449590527
2.27875
1.3488345663942631
2.2212500000000004
1.3488345663942631
2.2212500000000004
0.9158218645020438
1.4712500000000002
0.9158218645020438
1.4712500000000002
1.7320508075688772
1.
1.7320508075688772
1.
2.647872672070921
1.52875
2.647872672070921
1.52875
3.4641016151377544
2.
3.4641016151377544
2.
3.4641016151377544
2.9425
3.4641016151377544
2.9425
2.598076211353316
2.9425
2.598076211353316
2.9425
2.598076211353316
3.0575
2.598076211353316
3.0575
3.4641016151377544
3.0575
3.4641016151377544
3.0575
3.4641016151377544
4.
3.4641016151377544
4.
2.5482797506357104
4.52875
2.5482797506357104
4.52875
1.7320508075688772
5.
-1.7320508075688772
7.
-1.7320508075688772
6.0575
-1.7320508075688772
6.0575
-0.8660254037844387
6.0575
-0.8660254037844387
6.0575
-0.8660254037844387
5.9425
-0.8660254037844387
5.9425
-1.7320508075688772
5.9425
-1.7320508075688772
5.9425
-1.7320508075688772
5.
-1.7320508075688772
5.
-0.8162289430668332
4.4712499999999995
-0.8162289430668332
4.4712499999999995
0.
4.
0.
4.
0.8162289430668334
4.47125
0.8162289430668334
4.47125
0.38321624117461406
5.22125
0.38321624117461406
5.22125
0.48280916260982454
5.2787500000000005
0.48280916260982454
5.2787500000000005
0.9158218645020438
4.5287500000000005
0.9158218645020438
4.5287500000000005
1.7320508075688772
5.
1.7320508075688772
5.
1.7320508075688772
6.0575
1.7320508075688772
6.0575
1.7320508075688772
7.
1.7320508075688772
7.
0.915821864502044
7.4712499999999995
0.915821864502044
7.4712499999999995
0.48280916260982465
6.7212499999999995
0.48280916260982465
6.7212499999999995
0.38321624117461417
6.7787500000000005
0.38321624117461417
6.7787500000000005
0.8162289430668332
7.5287500000000005
0.8162289430668332
7.5287500000000005
0.
8.
0.
8.
-0.9158218645020438
7.4712499999999995
-0.9158218645020438
7.4712499999999995
-1.7320508075688772
7.
1.7320508075688772
11.
0.915821864502044
10.52875
0.915821864502044
10.52875
1.3488345663942631
9.77875
1.3488345663942631
9.77875
1.2492416449590524
9.72125
1.2492416449590524
9.72125
0.8162289430668332
10.47125
0.8162289430668332
10.47125
0.
10.
0.
10.
0.
8.9425
0.
8.9425
0.
8.
0.
8.
0.8162289430668334
7.5287500000000005
0.8162289430668334
7.5287500000000005
1.2492416449590527
8.27875
1.2492416449590527
8.27875
1.3488345663942631
8.22125
1.3488345663942631
8.22125
0.9158218645020438
7.47125
0.9158218645020438
7.47125
1.7320508075688772
7.
1.7320508075688772
7.
2.647872672070921
7.5287500000000005
2.647872672070921
7.5287500000000005
3.4641016151377544
8.
3.4641016151377544
8.
3.4641016151377544
8.942499999999999
3.4641016151377544
8.942499999999999
2.598076211353316
8.942499999999999
2.598076211353316
8.942499999999999
2.598076211353316
9.0575
2.598076211353316
9.0575
3.4641016151377544
9.0575
3.4641016151377544
9.0575
3.4641016151377544
10.
3.4641016151377544
10.
2.5482797506357104
10.52875
2.5482797506357104
10.52875
1.7320508075688772
11.
3.4641016151377544
2.
2.647872672070921
1.52875
2.647872672070921
1.52875
3.0808853739631403
0.77875
3.0808853739631403
0.77875
2.9812924525279296
0.72125
2.9812924525279296
0.72125
2.5482797506357104
1.47125
2.5482797506357104
1.47125
1.7320508075688772
1.
1.7320508075688772
1.
1.7320508075688772
-0.057499999999999996
1.7320508075688772
-0.057499999999999996
1.7320508075688772
-1.
1.7320508075688772
-1.
2.5482797506357104
-1.4712499999999997
2.5482797506357104
-1.4712499999999997
2.9812924525279296
-0.72125
2.9812924525279296
-0.72125
3.0808853739631403
-0.7787499999999998
3.0808853739631403
-0.7787499999999998
2.647872672070921
-1.5287499999999998
2.647872672070921
-1.5287499999999998
3.4641016151377544
-2.
3.4641016151377544
-2.
4.379923479639798
-1.47125
4.379923479639798
-1.47125
5.196152422706632
-1.
5.196152422706632
-1.
5.196152422706632
-0.05750000000000011
5.196152422706632
-0.05750000000000011
4.330127018922193
-0.05750000000000016
4.330127018922193
-0.05750000000000016
4.330127018922193
0.05749999999999994
4.330127018922193
0.05749999999999994
5.196152422706632
0.057499999999999996
5.196152422706632
0.057499999999999996
5.196152422706632
1.
5.196152422706632
1.
4.280330558204588
1.5287499999999998
4.280330558204588
1.5287499999999998
3.4641016151377544
2.
3.4641016151377544
4.
3.464101615137755
3.0575
3.464101615137755
3.0575
4.330127018922194
3.0575
4.330127018922194
3.0575
4.330127018922194
2.9425
4.330127018922194
2.9425
3.464101615137755
2.9425
3.464101615137755
2.9425
3.4641016151377544
2.
3.4641016151377544
2.
4.379923479639799
1.47125
4.379923479639799
1.47125
5.196152422706632
1.
5.196152422706632
1.
6.012381365773465
1.4712500000000002
6.012381365773465
1.4712500000000002
5.579368663881246
2.2212500000000004
5.579368663881246
2.2212500000000004
5.678961585316457
2.27875
5.678961585316457
2.27875
6.1119742872086755
1.5287500000000003
6.1119742872086755
1.5287500000000003
6.928203230275509
2.
6.928203230275509
2.
6.928203230275509
3.0575
6.928203230275509
3.0575
6.928203230275509
4.
6.928203230275509
4.
6.111974287208676
4.4712499999999995
6.111974287208676
4.4712499999999995
5.678961585316457
3.72125
5.678961585316457
3.72125
5.5793686638812465
3.77875
5.5793686638812465
3.77875
6.012381365773465
4.5287500000000005
6.012381365773465
4.5287500000000005
5.196152422706632
5.
5.196152422706632
5.
4.2803305582045885
4.4712499999999995
4.2803305582045885
4.4712499999999995
3.4641016151377544
4.
3.4641016151377544
8.
2.647872672070921
7.5287500000000005
2.647872672070921
7.5287500000000005
3.0808853739631403
6.7787500000000005
3.0808853739631403
6.7787500000000005
2.9812924525279296
6.7212499999999995
2.9812924525279296
6.7212499999999995
2.5482797506357104
7.4712499999999995
2.5482797506357104
7.4712499999999995
1.7320508075688772
7.
1.7320508075688772
7.
1.7320508075688772
5.9425
1.7320508075688772
5.9425
1.7320508075688772
5.
1.7320508075688772
5.
2.5482797506357104
4.5287500000000005
2.5482797506357104
4.5287500000000005
2.9812924525279296
5.2787500000000005
2.9812924525279296
5.2787500000000005
3.0808853739631403
5.22125
3.0808853739631403
5.22125
2.647872672070921
4.47125
2.647872672070921
4.47125
3.4641016151377544
4.
3.4641016151377544
4.
4.379923479639798
4.5287500000000005
4.379923479639798
4.5287500000000005
5.196152422706632
5.
5.196152422706632
5.
5.196152422706632
5.9425
5.196152422706632
5.9425
4.330127018922193
5.9425
4.330127018922193
5.9425
4.330127018922193
6.0575
4.330127018922193
6.0575
5.196152422706632
6.0575
5.196152422706632
6.0575
5.196152422706632
7.
5.196152422706632
7.
4.280330558204588
7.52875
4.280330558204588
7.52875
3.4641016151377544
8.
3.4641016151377544
10.
3.464101615137755
9.0575
3.464101615137755
9.0575
4.330127018922194
9.0575
4.330127018922194
9.0575
4.330127018922194
8.942499999999999
4.330127018922194
8.942499999999999
3.464101615137755
8.942499999999999
3.464101615137755
8.942499999999999
3.4641016151377544
8.
3.4641016151377544
8.
4.379923479639799
7.4712499999999995
4.379923479639799
7.4712499999999995
5.196152422706632
7.
5.196152422706632
7.
6.012381365773465
7.47125
6.012381365773465
7.47125
5.579368663881246
8.22125
5.579368663881246
8.22125
5.678961585316457
8.27875
5.678961585316457
8.27875
6.1119742872086755
7.5287500000000005
6.1119742872086755
7.5287500000000005
6.928203230275509
8.
6.928203230275509
8.
6.928203230275509
9.057500000000001
6.928203230275509
9.057500000000001
6.928203230275509
10.
6.928203230275509
10.
6.111974287208676
10.47125
6.111974287208676
10.47125
5.678961585316457
9.72125
5.678961585316457
9.72125
5.5793686638812465
9.77875
5.5793686638812465
9.77875
6.012381365773465
10.52875
6.012381365773465
10.52875
5.196152422706632
11.
5.196152422706632
11.
4.2803305582045885
10.47125
4.2803305582045885
10.47125
3.4641016151377544
10.
5.196152422706632
1.
5.196152422706632
0.057499999999999996
5.196152422706632
0.057499999999999996
6.06217782649107
0.05749999999999994
6.06217782649107
0.05749999999999994
6.06217782649107
-0.05750000000000016
6.06217782649107
-0.05750000000000016
5.196152422706632
-0.05750000000000011
5.196152422706632
-0.05750000000000011
5.196152422706632
-1.
5.196152422706632
-1.
6.1119742872086755
-1.52875
6.1119742872086755
-1.52875
6.928203230275509
-2.
6.928203230275509
-2.
7.744432173342342
-1.5287499999999998
7.744432173342342
-1.5287499999999998
7.311419471450122
-0.7787499999999998
7.311419471450122
-0.7787499999999998
7.4110123928853335
-0.72125
7.4110123928853335
-0.72125
7.844025094777552
-1.4712499999999997
7.844025094777552
-1.4712499999999997
8.660254037844386
-1.
8.660254037844386
-1.
8.660254037844386
0.05750000000000011
8.660254037844386
0.05750000000000011
8.660254037844386
1.
8.660254037844386
1.
7.844025094777553
1.47125
7.844025094777553
1.47125
7.4110123928853335
0.72125
7.4110123928853335
0.72125
7.311419471450123
0.77875
7.311419471450123
0.77875
7.744432173342342
1.52875
7.744432173342342
1.52875
6.928203230275509
2.
6.928203230275509
2.
6.012381365773465
1.4712499999999997
6.012381365773465
1.4712499999999997
5.196152422706632
1.
8.660254037844386
5.
7.844025094777552
4.5287500000000005
7.844025094777552
4.5287500000000005
8.277037796669772
3.77875
8.277037796669772
3.77875
8.177444875234562
3.72125
8.177444875234562
3.72125
7.744432173342341
4.4712499999999995
7.744432173342341
4.4712499999999995
6.928203230275509
4.
6.928203230275509
4.
6.928203230275509
2.9425
6.928203230275509
2.9425
6.928203230275509
2.
6.928203230275509
2.
7.744432173342342
1.5287500000000003
7.744432173342342
1.5287500000000003
8.177444875234562
2.27875
8.177444875234562
2.27875
8.277037796669772
2.2212500000000004
8.277037796669772
2.2212500000000004
7.844025094777552
1.4712500000000002
7.844025094777552
1.4712500000000002
8.660254037844386
1.
8.660254037844386
1.
9.57607590234643
1.52875
9.57607590234643
1.52875
10.392304845413264
2.
10.392304845413264
2.
10.392304845413262
2.9425
10.392304845413262
2.9425
9.526279441628825
2.9425
9.526279441628825
2.9425
9.526279441628825
3.0575
9.526279441628825
3.0575
10.392304845413262
3.0575
10.392304845413262
3.0575
10.392304845413264
4.
10.392304845413264
4.
9.47648298091122
4.52875
9.47648298091122
4.52875
8.660254037844386
5.
5.196152422706632
7.
5.196152422706632
6.0575
5.196152422706632
6.0575
6.06217782649107
6.0575
6.06217782649107
6.0575
6.06217782649107
5.9425
6.06217782649107
5.9425
5.196152422706632
5.9425
5.196152422706632
5.9425
5.196152422706632
5.
5.196152422706632
5.
6.1119742872086755
4.4712499999999995
6.1119742872086755
4.4712499999999995
6.928203230275509
4.
6.928203230275509
4.
7.744432173342342
4.47125
7.744432173342342
4.47125
7.311419471450122
5.22125
7.311419471450122
5.22125
7.4110123928853335
5.2787500000000005
7.4110123928853335
5.2787500000000005
7.844025094777552
4.5287500000000005
7.844025094777552
4.5287500000000005
8.660254037844386
5.
8.660254037844386
5.
8.660254037844386
6.0575
8.660254037844386
6.0575
8.660254037844386
7.
8.660254037844386
7.
7.844025094777553
7.4712499999999995
7.844025094777553
7.4712499999999995
7.4110123928853335
6.7212499999999995
7.4110123928853335
6.7212499999999995
7.311419471450123
6.7787500000000005
7.311419471450123
6.7787500000000005
7.744432173342342
7.5287500000000005
7.744432173342342
7.5287500000000005
6.928203230275509
8.
6.928203230275509
8.
6.012381365773465
7.4712499999999995
6.012381365773465
7.4712499999999995
5.196152422706632
7.
8.660254037844386
11.
7.844025094777552
10.52875
7.844025094777552
10.52875
8.277037796669772
9.77875
8.277037796669772
9.77875
8.177444875234562
9.72125
8.177444875234562
9.72125
7.744432173342341
10.47125
7.744432173342341
10.47125
6.928203230275509
10.
6.928203230275509
10.
6.928203230275509
8.9425
6.928203230275509
8.9425
6.928203230275509
8.
6.928203230275509
8.
7.744432173342342
7.5287500000000005
7.744432173342342
7.5287500000000005
8.177444875234562
8.27875
8.177444875234562
8.27875
8.277037796669772
8.22125
8.277037796669772
8.22125
7.844025094777552
7.47125
7.844025094777552
7.47125
8.660254037844386
7.
8.660254037844386
7.
9.57607590234643
7.5287500000000005
9.57607590234643
7.5287500000000005
10.392304845413264
8.
10.392304845413264
8.
10.392304845413262
8.942499999999999
10.392304845413262
8.942499999999999
9.526279441628825
8.942499999999999
9.526279441628825
8.942499999999999
9.526279441628825
9.0575
9.526279441628825
9.0575
10.392304845413262
9.0575
10.392304845413262
9.0575
10.392304845413264
10.
10.392304845413264
10.
9.47648298091122
10.52875
9.47648298091122
10.52875
8.660254037844386
11.
10.392304845413264
2.
9.576075902346432
1.52875
9.576075902346432
1.52875
10.00908860423865
0.77875
10.00908860423865
0.77875
9.90949568280344
0.72125
9.90949568280344
0.72125
9.47648298091122
1.47125
9.47648298091122
1.47125
8.660254037844386
1.
8.660254037844386
1.
8.660254037844387
-0.057499999999999996
8.660254037844387
-0.057499999999999996
8.660254037844386
-1.
8.660254037844386
-1.
9.47648298091122
-1.4712499999999997
9.47648298091122
-1.4712499999999997
9.90949568280344
-0.72125
9.90949568280344
-0.72125
10.00908860423865
-0.7787499999999998
10.00908860423865
-0.7787499999999998
9.57607590234643
-1.5287499999999998
9.57607590234643
-1.5287499999999998
10.392304845413264
-2.
10.392304845413264
-2.
11.308126709915308
-1.47125
11.308126709915308
-1.47125
12.12435565298214
-1.
12.12435565298214
-1.
12.12435565298214
-0.05750000000000011
12.12435565298214
-0.05750000000000011
11.258330249197703
-0.05750000000000016
11.258330249197703
-0.05750000000000016
11.258330249197703
0.05749999999999994
11.258330249197703
0.05749999999999994
12.12435565298214
0.057499999999999996
12.12435565298214
0.057499999999999996
12.12435565298214
1.
12.12435565298214
1.
11.208533788480098
1.5287499999999998
11.208533788480098
1.5287499999999998
10.392304845413264
2.
10.392304845413264
4.
10.392304845413264
3.0575
10.392304845413264
3.0575
11.258330249197702
3.0575
11.258330249197702
3.0575
11.258330249197702
2.9425
11.258330249197702
2.9425
10.392304845413264
2.9425
10.392304845413264
2.9425
10.392304845413264
2.
10.392304845413264
2.
11.308126709915307
1.47125
11.308126709915307
1.47125
12.12435565298214
1.
12.12435565298214
1.
12.940584596048975
1.4712500000000002
12.940584596048975
1.4712500000000002
12.507571894156754
2.2212500000000004
12.507571894156754
2.2212500000000004
12.607164815591965
2.27875
12.607164815591965
2.27875
13.040177517484185
1.5287500000000003
13.040177517484185
1.5287500000000003
13.856406460551018
2.
13.856406460551018
2.
13.856406460551018
3.0575
13.856406460551018
3.0575
13.856406460551018
4.
13.856406460551018
4.
13.040177517484185
4.4712499999999995
13.040177517484185
4.4712499999999995
12.607164815591965
3.72125
12.607164815591965
3.72125
12.507571894156754
3.77875
12.507571894156754
3.77875
12.940584596048975
4.5287500000000005
12.940584596048975
4.5287500000000005
12.12435565298214
5.
12.12435565298214
5.
11.208533788480096
4.4712499999999995
11.208533788480096
4.4712499999999995
10.392304845413264
4.
10.392304845413264
8.
9.576075902346432
7.5287500000000005
9.576075902346432
7.5287500000000005
10.00908860423865
6.7787500000000005
10.00908860423865
6.7787500000000005
9.90949568280344
6.7212499999999995
9.90949568280344
6.7212499999999995
9.47648298091122
7.4712499999999995
9.47648298091122
7.4712499999999995
8.660254037844386
7.
8.660254037844386
7.
8.660254037844387
5.9425
8.660254037844387
5.9425
8.660254037844386
5.
8.660254037844386
5.
9.47648298091122
4.5287500000000005
9.47648298091122
4.5287500000000005
9.90949568280344
5.2787500000000005
9.90949568280344
5.2787500000000005
10.00908860423865
5.22125
10.00908860423865
5.22125
9.57607590234643
4.47125
9.57607590234643
4.47125
10.392304845413264
4.
10.392304845413264
4.
11.308126709915308
4.5287500000000005
11.308126709915308
4.5287500000000005
12.12435565298214
5.
12.12435565298214
5.
12.12435565298214
5.9425
12.12435565298214
5.9425
11.258330249197703
5.9425
11.258330249197703
5.9425
11.258330249197703
6.0575
11.258330249197703
6.0575
12.12435565298214
6.0575
12.12435565298214
6.0575
12.12435565298214
7.
12.12435565298214
7.
11.208533788480098
7.52875
11.208533788480098
7.52875
10.392304845413264
8.
10.392304845413264
10.
10.392304845413264
9.0575
10.392304845413264
9.0575
11.258330249197702
9.0575
11.258330249197702
9.0575
11.258330249197702
8.942499999999999
11.258330249197702
8.942499999999999
10.392304845413264
8.942499999999999
10.392304845413264
8.942499999999999
10.392304845413264
8.
10.392304845413264
8.
11.308126709915307
7.4712499999999995
11.308126709915307
7.4712499999999995
12.12435565298214
7.
12.12435565298214
7.
12.940584596048975
7.47125
12.940584596048975
7.47125
12.507571894156754
8.22125
12.507571894156754
8.22125
12.607164815591965
8.27875
12.607164815591965
8.27875
13.040177517484185
7.5287500000000005
13.040177517484185
7.5287500000000005
13.856406460551018
8.
13.856406460551018
8.
13.856406460551018
9.057500000000001
13.856406460551018
9.057500000000001
13.856406460551018
10.
13.856406460551018
10.
13.040177517484185
10.47125
13.040177517484185
10.47125
12.607164815591965
9.72125
12.607164815591965
9.72125
12.507571894156754
9.77875
12.507571894156754
9.77875
12.940584596048975
10.52875
12.940584596048975
10.52875
12.12435565298214
11.
12.12435565298214
11.
11.208533788480096
10.47125
11.208533788480096
10.47125
10.392304845413264
10.
12.12435565298214
1.
12.12435565298214
0.057499999999999996
12.12435565298214
0.057499999999999996
12.990381056766578
0.05749999999999994
12.990381056766578
0.05749999999999994
12.990381056766578
-0.05750000000000016
12.990381056766578
-0.05750000000000016
12.12435565298214
-0.05750000000000011
12.12435565298214
-0.05750000000000011
12.12435565298214
-1.
12.12435565298214
-1.
13.040177517484185
-1.52875
13.040177517484185
-1.52875
13.856406460551018
-2.
13.856406460551018
-2.
14.672635403617852
-1.5287499999999998
14.672635403617852
-1.5287499999999998
14.239622701725631
-0.7787499999999998
14.239622701725631
-0.7787499999999998
14.339215623160841
-0.72125
14.339215623160841
-0.72125
14.772228325053062
-1.4712499999999997
14.772228325053062
-1.4712499999999997
15.588457268119894
-1.
15.588457268119894
-1.
15.588457268119894
0.05750000000000011
15.588457268119894
0.05750000000000011
15.588457268119894
1.
15.588457268119894
1.
14.772228325053062
1.47125
14.772228325053062
1.47125
14.339215623160841
0.72125
14.339215623160841
0.72125
14.239622701725631
0.77875
14.239622701725631
0.77875
14.67263540361785
1.52875
14.67263540361785
1.52875
13.856406460551018
2.
13.856406460551018
2.
12.940584596048973
1.4712499999999997
12.940584596048973
1.4712499999999997
12.12435565298214
1.
15.588457268119894
5.
14.77222832505306
4.5287500000000005
14.77222832505306
4.5287500000000005
15.20524102694528
3.77875
15.20524102694528
3.77875
15.10564810551007
3.72125
15.10564810551007
3.72125
14.67263540361785
4.4712499999999995
14.67263540361785
4.4712499999999995
13.856406460551018
4.
13.856406460551018
4.
13.856406460551018
2.9425
13.856406460551018
2.9425
13.856406460551018
2.
13.856406460551018
2.
14.67263540361785
1.5287500000000003
14.67263540361785
1.5287500000000003
15.10564810551007
2.27875
15.10564810551007
2.27875
15.20524102694528
2.2212500000000004
15.20524102694528
2.2212500000000004
14.77222832505306
1.4712500000000002
14.77222832505306
1.4712500000000002
15.588457268119894
1.
15.588457268119894
1.
16.50427913262194
1.52875
16.50427913262194
1.52875
17.32050807568877
2.
17.32050807568877
2.
17.32050807568877
2.9425
17.32050807568877
2.9425
16.454482671904334
2.9425
16.454482671904334
2.9425
16.454482671904334
3.0575
16.454482671904334
3.0575
17.32050807568877
3.0575
17.32050807568877
3.0575
17.32050807568877
4.
17.32050807568877
4.
16.40468621118673
4.52875
16.40468621118673
4.52875
15.588457268119894
5.
12.12435565298214
7.
12.12435565298214
6.0575
12.12435565298214
6.0575
12.990381056766578
6.0575
12.990381056766578
6.0575
12.990381056766578
5.9425
12.990381056766578
5.9425
12.12435565298214
5.9425
12.12435565298214
5.9425
12.12435565298214
5.
12.12435565298214
5.
13.040177517484185
4.4712499999999995
13.040177517484185
4.4712499999999995
13.856406460551018
4.
13.856406460551018
4.
14.672635403617852
4.47125
14.672635403617852
4.47125
14.239622701725631
5.22125
14.239622701725631
5.22125
14.339215623160841
5.2787500000000005
14.339215623160841
5.2787500000000005
14.772228325053062
4.5287500000000005
14.772228325053062
4.5287500000000005
15.588457268119894
5.
15.588457268119894
5.
15.588457268119894
6.0575
15.588457268119894
6.0575
15.588457268119894
7.
15.588457268119894
7.
14.772228325053062
7.4712499999999995
14.772228325053062
7.4712499999999995
14.339215623160841
6.7212499999999995
14.339215623160841
6.7212499999999995
14.239622701725631
6.7787500000000005
14.239622701725631
6.7787500000000005
14.67263540361785
7.5287500000000005
14.67263540361785
7.5287500000000005
13.856406460551018
8.
13.856406460551018
8.
12.940584596048973
7.4712499999999995
12.940584596048973
7.4712499999999995
12.12435565298214
7.
15.588457268119894
11.
14.77222832505306
10.52875
14.77222832505306
10.52875
15.20524102694528
9.77875
15.20524102694528
9.77875
15.10564810551007
9.72125
15.10564810551007
9.72125
14.67263540361785
10.47125
14.67263540361785
10.47125
13.856406460551018
10.
13.856406460551018
10.
13.856406460551018
8.9425
13.856406460551018
8.9425
13.856406460551018
8.
13.856406460551018
8.
14.67263540361785
7.5287500000000005
14.67263540361785
7.5287500000000005
15.10564810551007
8.27875
15.10564810551007
8.27875
15.20524102694528
8.22125
15.20524102694528
8.22125
14.77222832505306
7.47125
14.77222832505306
7.47125
15.588457268119894
7.
15.588457268119894
7.
16.50427913262194
7.5287500000000005
16.50427913262194
7.5287500000000005
17.32050807568877
8.
17.32050807568877
8.
17.32050807568877
8.942499999999999
17.32050807568877
8.942499999999999
16.454482671904334
8.942499999999999
16.454482671904334
8.942499999999999
16.454482671904334
9.0575
16.454482671904334
9.0575
17.32050807568877
9.0575
17.32050807568877
9.0575
17.32050807568877
10.
17.32050807568877
10.
16.40468621118673
10.52875
16.40468621118673
10.52875
15.588457268119894
11.