-1.7320508075688772
1.
-1.7320508075688772
0.035937499999999956
-1.7320508075688772
0.035937499999999956
-0.8660254037844386
0.0359374999999999
-0.8660254037844386
0.0359374999999999
-0.8660254037844388
-0.03593750000000007
-0.8660254037844388
-0.03593750000000007
-1.7320508075688772
-0.03593750000000007
-1.7320508075688772
-0.03593750000000007
-1.7320508075688772
-1.
-1.7320508075688772
-1.
-0.8349026158359353
-1.5179687499999999
-0.8349026158359353
-1.5179687499999999
0.
-2.
0.
-2.
0.8349026158359354
-1.5179687499999996
0.8349026158359354
-1.5179687499999996
0.4018899139437161
-0.7679687499999999
0.4018899139437161
-0.7679687499999999
0.4641354898407225
-0.7320312499999999
0.4641354898407225
-0.7320312499999999
0.8971481917329418
-1.48203125
0.8971481917329418
-1.48203125
1.7320508075688772
-1.
1.7320508075688772
-1.
1.7320508075688772
0.03593750000000007
1.7320508075688772
0.03593750000000007
1.7320508075688772
1.
1.7320508075688772
1.
0.8971481917329419
1.48203125
0.8971481917329419
1.48203125
0.46413548984072267
0.7320312500000001
0.46413548984072267
0.7320312500000001
0.40188991394371604
0.7679687499999999
0.40188991394371604
0.7679687499999999
0.8349026158359353
1.5179687499999999
0.8349026158359353
1.5179687499999999
0.
2.
0.
2.
-0.8971481917329418
1.48203125
-0.8971481917329418
1.48203125
-1.7320508075688772
1.
1.7320508075688772
5.
0.8971481917329419
4.51796875
0.8971481917329419
4.51796875
1.3301608936251612
3.7679687499999996
1.3301608936251612
3.7679687499999996
1.2679153177281546
3.7320312500000004
1.2679153177281546
3.7320312500000004
0.8349026158359353
4.48203125
0.8349026158359353
4.48203125
0.
4.
0.
4.
0.
2.9640625
0.
2.9640625
0.
2.
0.
2.
0.8349026158359354
1.51796875
0.8349026158359354
1.51796875
1.2679153177281548
2.26796875
1.2679153177281548
2.26796875
1.3301608936251612
2.2320312500000004
1.3301608936251612
2.2320312500000004
0.8971481917329418
1.4820312500000004
0.8971481917329418
1.4820312500000004
1.7320508075688772
1.
1.7320508075688772
1.
2.629198999301819
1.51796875
2.629198999301819
1.51796875
3.4641016151377544
2.
3.4641016151377544
2.
3.4641016151377544
2.9640625
3.4641016151377544
2.9640625
2.598076211353316
2.9640625
2.598076211353316
2.9640625
2.598076211353316
3.0359374999999997
2.598076211353316
3.0359374999999997
3.4641016151377544
3.0359375
3.4641016151377544
3.0359375
3.4641016151377544
4.
3.4641016151377544
4.
2.5669534234048124
4.51796875
2.5669534234048124
4.51796875
1.7320508075688772
5.
-1.7320508075688772
7.
-1.7320508075688772
6.0359375
-1.7320508075688772
6.0359375
-0.8660254037844386
6.0359375
-0.8660254037844386
6.0359375
-0.8660254037844388
5.9640625
-0.8660254037844388
5.9640625
-1.7320508075688772
5.9640625
-1.7320508075688772
5.9640625
-1.7320508075688772
5.
-1.7320508075688772
5.
-0.8349026158359353
4.48203125
-0.8349026158359353
4.48203125
0.
4.
0.
4.
0.8349026158359354
4.48203125
0.8349026158359354
4.48203125
0.4018899139437161
5.23203125
0.4018899139437161
5.23203125
0.4641354898407225
5.26796875
0.4641354898407225
5.26796875
0.8971481917329418
4.51796875
0.8971481917329418
4.51796875
1.7320508075688772
5.
1.7320508075688772
5.
1.7320508075688772
6.0359375
1.7320508075688772
6.0359375
1.7320508075688772
7.
1.7320508075688772
7.
0.8971481917329419
7.48203125
0.8971481917329419
7.48203125
0.46413548984072267
6.73203125
0.46413548984072267
6.73203125
0.40188991394371604
6.76796875
0.40188991394371604
6.76796875
0.8349026158359353
7.51796875
0.8349026158359353
7.51796875
0.
8.
0.
8.
-0.8971481917329418
7.48203125
-0.8971481917329418
7.48203125
-1.7320508075688772
7.
1.7320508075688772
11.
0.8971481917329419
10.51796875
0.8971481917329419
10.51796875
1.3301608936251612
9.76796875
1.3301608936251612
9.76796875
1.2679153177281546
9.73203125
1.2679153177281546
9.73203125
0.8349026158359353
10.48203125
0.8349026158359353
10.48203125
0.
10.
0.
10.
0.
8.9640625
0.
8.9640625
0.
8.
0.
8.
0.8349026158359354
7.51796875
0.8349026158359354
7.51796875
1.2679153177281548
8.26796875
1.2679153177281548
8.26796875
1.3301608936251612
8.23203125
1.3301608936251612
8.23203125
0.8971481917329418
7.48203125
0.8971481917329418
7.48203125
1.7320508075688772
7.
1.7320508075688772
7.
2.629198999301819
7.51796875
2.629198999301819
7.51796875
3.4641016151377544
8.
3.4641016151377544
8.
3.4641016151377544
8.9640625
3.4641016151377544
8.9640625
2.598076211353316
8.9640625
2.598076211353316
8.9640625
2.598076211353316
9.0359375
2.598076211353316
9.0359375
3.4641016151377544
9.0359375
3.4641016151377544
9.0359375
3.4641016151377544
10.
3.4641016151377544
10.
2.5669534234048124
10.51796875
2.5669534234048124
10.51796875
1.7320508075688772
11.
3.4641016151377544
2.
2.629198999301819
1.5179687499999999
2.629198999301819
1.5179687499999999
3.0622117011940384
0.7679687499999999
3.0622117011940384
0.7679687499999999
2.9999661252970315
0.7320312500000001
2.9999661252970315
0.7320312500000001
2.5669534234048124
1.48203125
2.5669534234048124
1.48203125
1.7320508075688772
1.
1.7320508075688772
1.
1.7320508075688772
-0.035937499999999956
1.7320508075688772
-0.035937499999999956
1.7320508075688772
-1.
1.7320508075688772
-1.
2.5669534234048124
-1.48203125
2.5669534234048124
-1.48203125
2.999966125297032
-0.7320312499999999
2.999966125297032
-0.7320312499999999
3.0622117011940384
-0.7679687499999999
3.0622117011940384
-0.7679687499999999
2.6291989993018188
-1.5179687499999996
2.6291989993018188
-1.5179687499999996
3.4641016151377544
-2.
3.4641016151377544
-2.
4.361249806870696
-1.48203125
4.361249806870696
-1.48203125
5.196152422706632
-1.
5.196152422706632
-1.
5.196152422706632
-0.03593750000000007
5.196152422706632
-0.03593750000000007
4.330127018922193
-0.03593750000000007
4.330127018922193
-0.03593750000000007
4.330127018922193
0.0359374999999999
4.330127018922193
0.0359374999999999
5.196152422706632
0.035937499999999956
5.196152422706632
0.035937499999999956
5.196152422706632
1.
5.196152422706632
1.
4.29900423097369
1.5179687499999996
4.29900423097369
1.5179687499999996
3.4641016151377544
2.
3.4641016151377544
4.
3.464101615137755
3.0359375
3.464101615137755
3.0359375
4.330127018922194
3.0359374999999997
4.330127018922194
3.0359374999999997
4.330127018922193
2.9640625
4.330127018922193
2.9640625
3.464101615137755
2.9640625
3.464101615137755
2.9640625
3.4641016151377544
2.
3.4641016151377544
2.
4.361249806870696
1.4820312500000001
4.361249806870696
1.4820312500000001
5.196152422706632
1.
5.196152422706632
1.
6.031055038542568
1.4820312500000004
6.031055038542568
1.4820312500000004
5.598042336650348
2.2320312500000004
5.598042336650348
2.2320312500000004
5.660287912547354
2.26796875
5.660287912547354
2.26796875
6.093300614439574
1.51796875
6.093300614439574
1.51796875
6.928203230275509
2.
6.928203230275509
2.
6.928203230275509
3.0359375
6.928203230275509
3.0359375
6.928203230275509
4.
6.928203230275509
4.
6.093300614439574
4.48203125
6.093300614439574
4.48203125
5.660287912547354
3.7320312500000004
5.660287912547354
3.7320312500000004
5.598042336650348
3.7679687499999996
5.598042336650348
3.7679687499999996
6.031055038542568
4.51796875
6.031055038542568
4.51796875
5.196152422706632
5.
5.196152422706632
5.
4.29900423097369
4.48203125
4.29900423097369
4.48203125
3.4641016151377544
4.
3.4641016151377544
8.
2.629198999301819
7.51796875
2.629198999301819
7.51796875
3.0622117011940384
6.76796875
3.0622117011940384
6.76796875
2.9999661252970315
6.73203125
2.9999661252970315
6.73203125
2.5669534234048124
7.48203125
2.5669534234048124
7.48203125
1.7320508075688772
7.
1.7320508075688772
7.
1.7320508075688772
5.9640625
1.7320508075688772
5.9640625
1.7320508075688772
5.
1.7320508075688772
5.
2.5669534234048124
4.51796875
2.5669534234048124
4.51796875
2.999966125297032
5.26796875
2.999966125297032
5.26796875
3.0622117011940384
5.23203125
3.0622117011940384
5.23203125
2.6291989993018188
4.48203125
2.6291989993018188
4.48203125
3.4641016151377544
4.
3.4641016151377544
4.
4.361249806870696
4.51796875
4.361249806870696
4.51796875
5.196152422706632
5.
5.196152422706632
5.
5.196152422706632
5.9640625
5.196152422706632
5.9640625
4.330127018922193
5.9640625
4.330127018922193
5.9640625
4.330127018922193
6.0359375
4.330127018922193
6.0359375
5.196152422706632
6.0359375
5.196152422706632
6.0359375
5.196152422706632
7.
5.196152422706632
7.
4.29900423097369
7.51796875
4.29900423097369
7.51796875
3.4641016151377544
8.
3.4641016151377544
10.
3.464101615137755
9.0359375
3.464101615137755
9.0359375
4.330127018922194
9.0359375
4.330127018922194
9.0359375
4.330127018922193
8.9640625
4.330127018922193
8.9640625
3.464101615137755
8.9640625
3.464101615137755
8.9640625
3.4641016151377544
8.
3.4641016151377544
8.
4.361249806870696
7.48203125
4.361249806870696
7.48203125
5.196152422706632
7.
5.196152422706632
7.
6.031055038542568
7.48203125
6.031055038542568
7.48203125
5.598042336650348
8.23203125
5.598042336650348
8.23203125
5.660287912547354
8.26796875
5.660287912547354
8.26796875
6.093300614439574
7.51796875
6.093300614439574
7.51796875
6.928203230275509
8.
6.928203230275509
8.
6.928203230275509
9.0359375
6.928203230275509
9.0359375
6.928203230275509
10.
6.928203230275509
10.
6.093300614439574
10.48203125
6.093300614439574
10.48203125
5.660287912547354
9.73203125
5.660287912547354
9.73203125
5.598042336650348
9.76796875
5.598042336650348
9.76796875
6.031055038542568
10.51796875
6.031055038542568
10.51796875
5.196152422706632
11.
5.196152422706632
11.
4.29900423097369
10.48203125
4.29900423097369
10.48203125
3.4641016151377544
10.
5.196152422706632
1.
5.196152422706632
0.035937499999999956
5.196152422706632
0.035937499999999956
6.06217782649107
0.0359374999999999
6.06217782649107
0.0359374999999999
6.0621778264910695
-0.03593750000000007
6.0621778264910695
-0.03593750000000007
5.196152422706632
-0.03593750000000007
5.196152422706632
-0.03593750000000007
5.196152422706632
-1.
5.196152422706632
-1.
6.093300614439573
-1.5179687499999999
6.093300614439573
-1.5179687499999999
6.928203230275509
-2.
6.928203230275509
-2.
7.763105846111444
-1.5179687499999996
7.763105846111444
-1.5179687499999996
7.330093144219225
-0.7679687499999999
7.330093144219225
-0.7679687499999999
7.392338720116231
-0.7320312499999999
7.392338720116231
-0.7320312499999999
7.825351422008451
-1.48203125
7.825351422008451
-1.48203125
8.660254037844386
-1.
8.660254037844386
-1.
8.660254037844386
0.03593750000000007
8.660254037844386
0.03593750000000007
8.660254037844386
1.
8.660254037844386
1.
7.825351422008451
1.48203125
7.825351422008451
1.48203125
7.392338720116231
0.7320312500000001
7.392338720116231
0.7320312500000001
7.330093144219225
0.7679687499999999
7.330093144219225
0.7679687499999999
7.763105846111444
1.5179687499999999
7.763105846111444
1.5179687499999999
6.928203230275509
2.
6.928203230275509
2.
6.031055038542567
1.48203125
6.031055038542567
1.48203125
5.196152422706632
1.
8.660254037844386
5.
7.82535142200845
4.51796875
7.82535142200845
4.51796875
8.25836412390067
3.7679687499999996
8.25836412390067
3.7679687499999996
8.196118548003662
3.7320312500000004
8.196118548003662
3.7320312500000004
7.7631058461114435
4.48203125
7.7631058461114435
4.48203125
6.928203230275509
4.
6.928203230275509
4.
6.928203230275509
2.9640625
6.928203230275509
2.9640625
6.928203230275509
2.
6.928203230275509
2.
7.7631058461114435
1.51796875
7.7631058461114435
1.51796875
8.196118548003662
2.26796875
8.196118548003662
2.26796875
8.25836412390067
2.2320312500000004
8.25836412390067
2.2320312500000004
7.82535142200845
1.4820312500000004
7.82535142200845
1.4820312500000004
8.660254037844386
1.
8.660254037844386
1.
9.557402229577328
1.51796875
9.557402229577328
1.51796875
10.392304845413264
2.
10.392304845413264
2.
10.392304845413262
2.9640625
10.392304845413262
2.9640625
9.526279441628825
2.9640625
9.526279441628825
2.9640625
9.526279441628825
3.0359374999999997
9.526279441628825
3.0359374999999997
10.392304845413262
3.0359375
10.392304845413262
3.0359375
10.392304845413264
4.
10.392304845413264
4.
9.49515665368032
4.51796875
9.49515665368032
4.51796875
8.660254037844386
5.
5.196152422706632
7.
5.196152422706632
6.0359375
5.196152422706632
6.0359375
6.06217782649107
6.0359375
6.06217782649107
6.0359375
6.0621778264910695
5.9640625
6.0621778264910695
5.9640625
5.196152422706632
5.9640625
5.196152422706632
5.9640625
5.196152422706632
5.
5.196152422706632
5.
6.093300614439573
4.48203125
6.093300614439573
4.48203125
6.928203230275509
4.
6.928203230275509
4.
7.763105846111444
4.48203125
7.763105846111444
4.48203125
7.330093144219225
5.23203125
7.330093144219225
5.23203125
7.392338720116231
5.26796875
7.392338720116231
5.26796875
7.825351422008451
4.51796875
7.825351422008451
4.51796875
8.660254037844386
5.
8.660254037844386
5.
8.660254037844386
6.0359375
8.660254037844386
6.0359375
8.660254037844386
7.
8.660254037844386
7.
7.825351422008451
7.48203125
7.825351422008451
7.48203125
7.392338720116231
6.73203125
7.392338720116231
6.73203125
7.330093144219225
6.76796875
7.330093144219225
6.76796875
7.763105846111444
7.51796875
7.763105846111444
7.51796875
6.928203230275509
8.
6.928203230275509
8.
6.031055038542567
7.48203125
6.031055038542567
7.48203125
5.196152422706632
7.
8.660254037844386
11.
7.82535142200845
10.51796875
7.82535142200845
10.51796875
8.25836412390067
9.76796875
8.25836412390067
9.76796875
8.196118548003662
9.73203125
8.196118548003662
9.73203125
7.7631058461114435
10.48203125
7.7631058461114435
10.48203125
6.928203230275509
10.
6.928203230275509
10.
6.928203230275509
8.9640625
6.928203230275509
8.9640625
6.928203230275509
8.
6.928203230275509
8.
7.7631058461114435
7.51796875
7.7631058461114435
7.51796875
8.196118548003662
8.26796875
8.196118548003662
8.26796875
8.25836412390067
8.23203125
8.25836412390067
8.23203125
7.82535142200845
7.48203125
7.82535142200845
7.48203125
8.660254037844386
7.
8.660254037844386
7.
9.557402229577328
7.51796875
9.557402229577328
7.51796875
10.392304845413264
8.
10.392304845413264
8.
10.392304845413262
8.9640625
10.392304845413262
8.9640625
9.526279441628825
8.9640625
9.526279441628825
8.9640625
9.526279441628825
9.0359375
9.526279441628825
9.0359375
10.392304845413262
9.0359375
10.392304845413262
9.0359375
10.392304845413264
10.
10.392304845413264
10.
9.49515665368032
10.51796875
9.49515665368032
10.51796875
8.660254037844386
11.
10.392304845413264
2.
9.55740222957733
1.5179687499999999
9.55740222957733
1.5179687499999999
9.990414931469548
0.7679687499999999
9.990414931469548
0.7679687499999999
9.92816935557254
0.7320312500000001
9.92816935557254
0.7320312500000001
9.495156653680322
1.48203125
9.495156653680322
1.48203125
8.660254037844386
1.
8.660254037844386
1.
8.660254037844387
-0.035937499999999956
8.660254037844387
-0.035937499999999956
8.660254037844386
-1.
8.660254037844386
-1.
9.495156653680322
-1.48203125
9.495156653680322
-1.48203125
9.92816935557254
-0.7320312499999999
9.92816935557254
-0.7320312499999999
9.990414931469548
-0.7679687499999999
9.990414931469548
-0.7679687499999999
9.55740222957733
-1.5179687499999996
9.55740222957733
-1.5179687499999996
10.392304845413264
-2.
10.392304845413264
-2.
11.289453037146206
-1.48203125
11.289453037146206
-1.48203125
12.12435565298214
-1.
12.12435565298214
-1.
12.12435565298214
-0.03593750000000007
12.12435565298214
-0.03593750000000007
11.258330249197703
-0.03593750000000007
11.258330249197703
-0.03593750000000007
11.258330249197703
0.0359374999999999
11.258330249197703
0.0359374999999999
12.12435565298214
0.035937499999999956
12.12435565298214
0.035937499999999956
12.12435565298214
1.
12.12435565298214
1.
11.227207461249199
1.5179687499999996
11.227207461249199
1.5179687499999996
10.392304845413264
2.
10.392304845413264
4.
10.392304845413264
3.0359375
10.392304845413264
3.0359375
11.258330249197702
3.0359374999999997
11.258330249197702
3.0359374999999997
11.258330249197702
2.9640625
11.258330249197702
2.9640625
10.392304845413264
2.9640625
10.392304845413264
2.9640625
10.392304845413264
2.
10.392304845413264
2.
11.289453037146206
1.4820312500000001
11.289453037146206
1.4820312500000001
12.12435565298214
1.
12.12435565298214
1.
12.959258268818076
1.4820312500000004
12.959258268818076
1.4820312500000004
12.526245566925857
2.2320312500000004
12.526245566925857
2.2320312500000004
12.588491142822864
2.26796875
12.588491142822864
2.26796875
13.021503844715083
1.51796875
13.021503844715083
1.51796875
13.856406460551018
2.
13.856406460551018
2.
13.856406460551018
3.0359375
13.856406460551018
3.0359375
13.856406460551018
4.
13.856406460551018
4.
13.021503844715083
4.48203125
13.021503844715083
4.48203125
12.588491142822864
3.7320312500000004
12.588491142822864
3.7320312500000004
12.526245566925857
3.7679687499999996
12.526245566925857
3.7679687499999996
12.959258268818076
4.51796875
12.959258268818076
4.51796875
12.12435565298214
5.
12.12435565298214
5.
11.227207461249199
4.48203125
11.227207461249199
4.48203125
10.392304845413264
4.
10.392304845413264
8.
9.55740222957733
7.51796875
9.55740222957733
7.51796875
9.990414931469548
6.76796875
9.990414931469548
6.76796875
9.92816935557254
6.73203125
9.92816935557254
6.73203125
9.495156653680322
7.48203125
9.495156653680322
7.48203125
8.660254037844386
7.
8.660254037844386
7.
8.660254037844387
5.9640625
8.660254037844387
5.9640625
8.660254037844386
5.
8.660254037844386
5.
9.495156653680322
4.51796875
9.495156653680322
4.51796875
9.92816935557254
5.26796875
9.92816935557254
5.26796875
9.990414931469548
5.23203125
9.990414931469548
5.23203125
9.55740222957733
4.48203125
9.55740222957733
4.48203125
10.392304845413264
4.
10.392304845413264
4.
11.289453037146206
4.51796875
11.289453037146206
4.51796875
12.12435565298214
5.
12.12435565298214
5.
12.12435565298214
5.9640625
12.12435565298214
5.9640625
11.258330249197703
5.9640625
11.258330249197703
5.9640625
11.258330249197703
6.0359375
11.258330249197703
6.0359375
12.12435565298214
6.0359375
12.12435565298214
6.0359375
12.12435565298214
7.
12.12435565298214
7.
11.227207461249199
7.51796875
11.227207461249199
7.51796875
10.392304845413264
8.
10.392304845413264
10.
10.392304845413264
9.0359375
10.392304845413264
9.0359375
11.258330249197702
9.0359375
11.258330249197702
9.0359375
11.258330249197702
8.9640625
11.258330249197702
8.9640625
10.392304845413264
8.9640625
10.392304845413264
8.9640625
10.392304845413264
8.
10.392304845413264
8.
11.289453037146206
7.48203125
11.289453037146206
7.48203125
12.12435565298214
7.
12.12435565298214
7.
12.959258268818076
7.48203125
12.959258268818076
7.48203125
12.526245566925857
8.23203125
12.526245566925857
8.23203125
12.588491142822864
8.26796875
12.588491142822864
8.26796875
13.021503844715083
7.51796875
13.021503844715083
7.51796875
13.856406460551018
8.
13.856406460551018
8.
13.856406460551018
9.0359375
13.856406460551018
9.0359375
13.856406460551018
10.
13.856406460551018
10.
13.021503844715083
10.48203125
13.021503844715083
10.48203125
12.588491142822864
9.73203125
12.588491142822864
9.73203125
12.526245566925857
9.76796875
12.526245566925857
9.76796875
12.959258268818076
10.51796875
12.959258268818076
10.51796875
12.12435565298214
11.
12.12435565298214
11.
11.227207461249199
10.48203125
11.227207461249199
10.48203125
10.392304845413264
10.
12.12435565298214
1.
12.12435565298214
0.035937499999999956
12.12435565298214
0.035937499999999956
12.990381056766578
0.0359374999999999
12.990381056766578
0.0359374999999999
12.990381056766578
-0.03593750000000007
12.990381056766578
-0.03593750000000007
12.12435565298214
-0.03593750000000007
12.12435565298214
-0.03593750000000007
12.12435565298214
-1.
12.12435565298214
-1.
13.021503844715083
-1.5179687499999999
13.021503844715083
-1.5179687499999999
13.856406460551018
-2.
13.856406460551018
-2.
14.691309076386952
-1.5179687499999996
14.691309076386952
-1.5179687499999996
14.258296374494734
-0.7679687499999999
14.258296374494734
-0.7679687499999999
14.32054195039174
-0.7320312499999999
14.32054195039174
-0.7320312499999999
14.75355465228396
-1.48203125
14.75355465228396
-1.48203125
15.588457268119894
-1.
15.588457268119894
-1.
15.588457268119894
0.03593750000000007
15.588457268119894
0.03593750000000007
15.588457268119894
1.
15.588457268119894
1.
14.75355465228396
1.48203125
14.75355465228396
1.48203125
14.32054195039174
0.7320312500000001
14.32054195039174
0.7320312500000001
14.258296374494734
0.7679687499999999
14.258296374494734
0.7679687499999999
14.691309076386952
1.5179687499999999
14.691309076386952
1.5179687499999999
13.856406460551018
2.
13.856406460551018
2.
12.959258268818076
1.48203125
12.959258268818076
1.48203125
12.12435565298214
1.
15.588457268119894
5.
14.75355465228396
4.51796875
14.75355465228396
4.51796875
15.186567354176178
3.7679687499999996
15.186567354176178
3.7679687499999996
15.124321778279171
3.7320312500000004
15.124321778279171
3.7320312500000004
14.691309076386952
4.48203125
14.691309076386952
4.48203125
13.856406460551018
4.
13.856406460551018
4.
13.856406460551018
2.9640625
13.856406460551018
2.9640625
13.856406460551018
2.
13.856406460551018
2.
14.691309076386952
1.51796875
14.691309076386952
1.51796875
15.124321778279171
2.26796875
15.124321778279171
2.26796875
15.186567354176178
2.2320312500000004
15.186567354176178
2.2320312500000004
14.75355465228396
1.4820312500000004
14.75355465228396
1.4820312500000004
15.588457268119894
1.
15.588457268119894
1.
16.485605459852835
1.51796875
16.485605459852835
1.51796875
17.32050807568877
2.
17.32050807568877
2.
17.32050807568877
2.9640625
17.32050807568877
2.9640625
16.454482671904334
2.9640625
16.454482671904334
2.9640625
16.454482671904334
3.0359374999999997
16.454482671904334
3.0359374999999997
17.32050807568877
3.0359375
17.32050807568877
3.0359375
17.32050807568877
4.
17.32050807568877
4.
16.42335988395583
4.51796875
16.42335988395583
4.51796875
15.588457268119894
5.
12.12435565298214
7.
12.12435565298214
6.0359375
12.12435565298214
6.0359375
12.990381056766578
6.0359375
12.990381056766578
6.0359375
12.990381056766578
5.9640625
12.990381056766578
5.9640625
12.12435565298214
5.9640625
12.12435565298214
5.9640625
12.12435565298214
5.
12.12435565298214
5.
13.021503844715083
4.48203125
13.021503844715083
4.48203125
13.856406460551018
4.
13.856406460551018
4.
14.691309076386952
4.48203125
14.691309076386952
4.48203125
14.258296374494734
5.23203125
14.258296374494734
5.23203125
14.32054195039174
5.26796875
14.32054195039174
5.26796875
14.75355465228396
4.51796875
14.75355465228396
4.51796875
15.588457268119894
5.
15.588457268119894
5.
15.588457268119894
6.0359375
15.588457268119894
6.0359375
15.588457268119894
7.
15.588457268119894
7.
14.75355465228396
7.48203125
14.75355465228396
7.48203125
14.32054195039174
6.73203125
14.32054195039174
6.73203125
14.258296374494734
6.76796875
14.258296374494734
6.76796875
14.691309076386952
7.51796875
14.691309076386952
7.51796875
13.856406460551018
8.
13.856406460551018
8.
12.959258268818076
7.48203125
12.959258268818076
7.48203125
12.12435565298214
7.
15.588457268119894
11.
14.75355465228396
10.51796875
14.75355465228396
10.51796875
15.186567354176178
9.76796875
15.186567354176178
9.76796875
15.124321778279171
9.73203125
15.124321778279171
9.73203125
14.691309076386952
10.48203125
14.691309076386952
10.48203125
13.856406460551018
10.
13.856406460551018
10.
13.856406460551018
8.9640625
13.856406460551018
8.9640625
13.856406460551018
8.
13.856406460551018
8.
14.691309076386952
7.51796875
14.691309076386952
7.51796875
15.124321778279171
8.26796875
15.124321778279171
8.26796875
15.186567354176178
8.23203125
15.186567354176178
8.23203125
14.75355465228396
7.48203125
14.75355465228396
7.48203125
15.588457268119894
7.
15.588457268119894
7.
16.485605459852835
7.51796875
16.485605459852835
7.51796875
17.32050807568877
8.
17.32050807568877
8.
17.32050807568877
8.9640625
17.32050807568877
8.9640625
16.454482671904334
8.9640625
16.454482671904334
8.9640625
16.454482671904334
9.0359375
16.454482671904334
9.0359375
17.32050807568877
9.0359375
17.32050807568877
9.0359375
17.32050807568877
10.
17.32050807568877
10.
16.42335988395583
10.51796875
16.42335988395583
10.51796875
15.588457268119894
11.